{
  "trajectory": [
    {
      "step": 0,
      "transformation_matrix": [
        [
          1.0,
          0.0,
          0.0,
          1.0
        ],
        [
          0.0,
          1.0,
          0.0,
          1.0
        ],
        [
          0.0,
          0.0,
          1.0,
          0.0
        ],
        [
          0.0,
          0.0,
          0.0,
          1.0
        ]
      ],
      "timestamp": 0.0
    },
    {
      "step": 1,
      "transformation_matrix": [
        [
          0.9999989867210388,
          -0.001385362003929913,
          -0.000327136687701568,
          0.9980059266090393
        ],
        [
          0.0013865050859749317,
          0.999992847442627,
          0.003520440310239792,
          1.0022809505462646
        ],
        [
          0.00032225725590251386,
          -0.003520890371873975,
          0.9999937415122986,
          -0.0010324333561584353
        ],
        [
          0.0,
          0.0,
          0.0,
          1.0
        ]
      ],
      "timestamp": 0.02
    },
    {
      "step": 2,
      "transformation_matrix": [
        [
          0.9999959468841553,
          -0.002769553568214178,
          -0.0006591370329260826,
          0.9960090517997742
        ],
        [
          0.0027741258963942528,
          0.9999713897705078,
          0.007040349300950766,
          1.004555583000183
        ],
        [
          0.0006396194803528488,
          -0.00704214908182621,
          0.9999749660491943,
          -0.0020735685247927904
        ],
        [
          0.0,
          0.0,
          0.0,
          1.0
        ]
      ],
      "timestamp": 0.04
    },
    {
      "step": 3,
      "transformation_matrix": [
        [
          0.9999908804893494,
          -0.004152554087340832,
          -0.0009959953604266047,
          0.9940094351768494
        ],
        [
          0.004162841942161322,
          0.9999356269836426,
          0.01055967714637518,
          1.0068237781524658
        ],
        [
          0.0009520815801806748,
          -0.010563727468252182,
          0.999943733215332,
          -0.0031233830377459526
        ],
        [
          0.0,
          0.0,
          0.0,
          1.0
        ]
      ],
      "timestamp": 0.06
    },
    {
      "step": 4,
      "transformation_matrix": [
        [
          0.9999837875366211,
          -0.005534343421459198,
          -0.0013377071591094136,
          0.9920070171356201
        ],
        [
          0.005552633199840784,
          0.9998854994773865,
          0.014078373089432716,
          1.0090855360031128
        ],
        [
          0.0012596393935382366,
          -0.014085573144257069,
          0.9998999834060669,
          -0.004181854892522097
        ],
        [
          0.0,
          0.0,
          0.0,
          1.0
        ]
      ],
      "timestamp": 0.08
    },
    {
      "step": 5,
      "transformation_matrix": [
        [
          0.9999746680259705,
          -0.006914902478456497,
          -0.0016842677723616362,
          0.9900018572807312
        ],
        [
          0.006943478714674711,
          0.9998210668563843,
          0.01759638637304306,
          1.0113407373428345
        ],
        [
          0.001562289078719914,
          -0.017607636749744415,
          0.9998437166213989,
          -0.005248961504548788
        ],
        [
          0.0,
          0.0,
          0.0,
          1.0
        ]
      ],
      "timestamp": 0.1
    },
    {
      "step": 6,
      "transformation_matrix": [
        [
          0.9999635219573975,
          -0.008294210769236088,
          -0.002035673474892974,
          0.9879940152168274
        ],
        [
          0.008335358463227749,
          0.9997423887252808,
          0.021113663911819458,
          1.0135893821716309
        ],
        [
          0.0018600278999656439,
          -0.02112986147403717,
          0.9997749924659729,
          -0.006324680056422949
        ],
        [
          0.0,
          0.0,
          0.0,
          1.0
        ]
      ],
      "timestamp": 0.12
    },
    {
      "step": 7,
      "transformation_matrix": [
        [
          0.9999503493309021,
          -0.009672246873378754,
          -0.0023919192608445883,
          0.9859834313392639
        ],
        [
          0.009728251956403255,
          0.9996493458747864,
          0.02463015355169773,
          1.015831470489502
        ],
        [
          0.002152851549908519,
          -0.02465219981968403,
          0.999693751335144,
          -0.007408987730741501
        ],
        [
          0.0,
          0.0,
          0.0,
          1.0
        ]
      ],
      "timestamp": 0.14
    },
    {
      "step": 8,
      "transformation_matrix": [
        [
          0.9999351501464844,
          -0.0110489996150136,
          -0.00275299116037786,
          0.9839701056480408
        ],
        [
          0.011122144758701324,
          0.9995419979095459,
          0.02814580127596855,
          1.0180670022964478
        ],
        [
          0.0024407473392784595,
          -0.028174595907330513,
          0.9995999932289124,
          -0.008501862175762653
        ],
        [
          0.0,
          0.0,
          0.0,
          1.0
        ]
      ],
      "timestamp": 0.16
    },
    {
      "step": 9,
      "transformation_matrix": [
        [
          0.9999179244041443,
          -0.012424449436366558,
          -0.003118883352726698,
          0.9819540977478027
        ],
        [
          0.012517019174993038,
          0.9994204044342041,
          0.03166055679321289,
          1.0202959775924683
        ],
        [
          0.002723710611462593,
          -0.031697001308202744,
          0.9994937777519226,
          -0.009603280574083328
        ],
        [
          0.0,
          0.0,
          0.0,
          1.0
        ]
      ],
      "timestamp": 0.18
    },
    {
      "step": 10,
      "transformation_matrix": [
        [
          0.9998986721038818,
          -0.013798576779663563,
          -0.003489590948447585,
          0.9799354076385498
        ],
        [
          0.01391285378485918,
          0.9992844462394714,
          0.03517437353730202,
          1.022518277168274
        ],
        [
          0.003001737641170621,
          -0.03521936386823654,
          0.99937504529953,
          -0.01071321964263916
        ],
        [
          0.0,
          0.0,
          0.0,
          1.0
        ]
      ],
      "timestamp": 0.2
    },
    {
      "step": 11,
      "transformation_matrix": [
        [
          0.999877393245697,
          -0.015171361155807972,
          -0.003865109058097005,
          0.977914035320282
        ],
        [
          0.015309629030525684,
          0.9991341829299927,
          0.03868719935417175,
          1.0247339010238647
        ],
        [
          0.0032748249359428883,
          -0.03874162957072258,
          0.9992438554763794,
          -0.011831657961010933
        ],
        [
          0.0,
          0.0,
          0.0,
          1.0
        ]
      ],
      "timestamp": 0.22
    },
    {
      "step": 12,
      "transformation_matrix": [
        [
          0.9998540878295898,
          -0.01654278300702572,
          -0.004245432559400797,
          0.9758899807929993
        ],
        [
          0.016707323491573334,
          0.9989696145057678,
          0.04219898208975792,
          1.0269427299499512
        ],
        [
          0.0035429694689810276,
          -0.042263757437467575,
          0.9991001486778259,
          -0.012958570383489132
        ],
        [
          0.0,
          0.0,
          0.0,
          1.0
        ]
      ],
      "timestamp": 0.24
    },
    {
      "step": 13,
      "transformation_matrix": [
        [
          0.9998287558555603,
          -0.01791282184422016,
          -0.004630556330084801,
          0.9738633036613464
        ],
        [
          0.018105918541550636,
          0.9987908005714417,
          0.04570966958999634,
          1.0291448831558228
        ],
        [
          0.0038061675149947405,
          -0.04578568786382675,
          0.9989439845085144,
          -0.014093934558331966
        ],
        [
          0.0,
          0.0,
          0.0,
          1.0
        ]
      ],
      "timestamp": 0.26
    },
    {
      "step": 14,
      "transformation_matrix": [
        [
          0.9998013973236084,
          -0.019281458109617233,
          -0.005020474549382925,
          0.9718340039253235
        ],
        [
          0.019505392760038376,
          0.9985976219177246,
          0.04921921342611313,
          1.03134024143219
        ],
        [
          0.004064415115863085,
          -0.04930736869573593,
          0.9987753033638,
          -0.015237727202475071
        ],
        [
          0.0,
          0.0,
          0.0,
          1.0
        ]
      ],
      "timestamp": 0.28
    },
    {
      "step": 15,
      "transformation_matrix": [
        [
          0.9997720718383789,
          -0.020648673176765442,
          -0.0054151820950210094,
          0.9698020219802856
        ],
        [
          0.02090572379529476,
          0.9983901977539062,
          0.05272756144404411,
          1.0335286855697632
        ],
        [
          0.004317709244787693,
          -0.052828751504421234,
          0.9985941648483276,
          -0.01638992503285408
        ],
        [
          0.0,
          0.0,
          0.0,
          1.0
        ]
      ],
      "timestamp": 0.3
    },
    {
      "step": 16,
      "transformation_matrix": [
        [
          0.999740719795227,
          -0.022014446556568146,
          -0.005814672447741032,
          0.9677674174308777
        ],
        [
          0.0223068930208683,
          0.9981684684753418,
          0.05623466521501541,
          1.035710334777832
        ],
        [
          0.004566046874970198,
          -0.05634979531168938,
          0.9984005689620972,
          -0.017550503835082054
        ],
        [
          0.0,
          0.0,
          0.0,
          1.0
        ]
      ],
      "timestamp": 0.32
    },
    {
      "step": 17,
      "transformation_matrix": [
        [
          0.9997073411941528,
          -0.023378754034638405,
          -0.006218943744897842,
          0.9657302498817444
        ],
        [
          0.023708878085017204,
          0.997932493686676,
          0.05974047631025314,
          1.037885069847107
        ],
        [
          0.004809427075088024,
          -0.059870436787605286,
          0.9981944561004639,
          -0.01871943660080433
        ],
        [
          0.0,
          0.0,
          0.0,
          1.0
        ]
      ],
      "timestamp": 0.34
    },
    {
      "step": 18,
      "transformation_matrix": [
        [
          0.9996718764305115,
          -0.024741578847169876,
          -0.006627989932894707,
          0.963690459728241
        ],
        [
          0.02511165849864483,
          0.9976822137832642,
          0.06324493885040283,
          1.040052890777588
        ],
        [
          0.0050478470511734486,
          -0.06339062005281448,
          0.9979758858680725,
          -0.019896697252988815
        ],
        [
          0.0,
          0.0,
          0.0,
          1.0
        ]
      ],
      "timestamp": 0.36
    },
    {
      "step": 19,
      "transformation_matrix": [
        [
          0.9996344447135925,
          -0.026102902367711067,
          -0.007041805889457464,
          0.9616481065750122
        ],
        [
          0.026515211910009384,
          0.9974176287651062,
          0.0667480006814003,
          1.042213797569275
        ],
        [
          0.005281304009258747,
          -0.06691030412912369,
          0.9977448582649231,
          -0.021082263439893723
        ],
        [
          0.0,
          0.0,
          0.0,
          1.0
        ]
      ],
      "timestamp": 0.38
    },
    {
      "step": 20,
      "transformation_matrix": [
        [
          0.9995949864387512,
          -0.027462702244520187,
          -0.007460386026650667,
          0.9596031904220581
        ],
        [
          0.027919521555304527,
          0.9971387982368469,
          0.07024960964918137,
          1.0443676710128784
        ],
        [
          0.0055097960866987705,
          -0.07042943686246872,
          0.9975013732910156,
          -0.022276107221841812
        ],
        [
          0.0,
          0.0,
          0.0,
          1.0
        ]
      ],
      "timestamp": 0.4
    },
    {
      "step": 21,
      "transformation_matrix": [
        [
          0.9995535016059875,
          -0.028820957988500595,
          -0.007883724756538868,
          0.9575557112693787
        ],
        [
          0.02932456135749817,
          0.9968456625938416,
          0.07374972105026245,
          1.0465145111083984
        ],
        [
          0.00573331955820322,
          -0.0739479586482048,
          0.9972454309463501,
          -0.023478206247091293
        ],
        [
          0.0,
          0.0,
          0.0,
          1.0
        ]
      ],
      "timestamp": 0.42
    },
    {
      "step": 22,
      "transformation_matrix": [
        [
          0.9995099902153015,
          -0.03017764911055565,
          -0.008311816491186619,
          0.9555057287216187
        ],
        [
          0.030730312690138817,
          0.9965382218360901,
          0.07724828273057938,
          1.048654317855835
        ],
        [
          0.00595187209546566,
          -0.07746583223342896,
          0.9969770312309265,
          -0.024688536301255226
        ],
        [
          0.0,
          0.0,
          0.0,
          1.0
        ]
      ],
      "timestamp": 0.44
    },
    {
      "step": 23,
      "transformation_matrix": [
        [
          0.9994644522666931,
          -0.031532756984233856,
          -0.00874465424567461,
          0.9534531831741333
        ],
        [
          0.03213675692677498,
          0.9962165951728821,
          0.08074524253606796,
          1.0507869720458984
        ],
        [
          0.006165450904518366,
          -0.080983005464077,
          0.9966961741447449,
          -0.02590707316994667
        ],
        [
          0.0,
          0.0,
          0.0,
          1.0
        ]
      ],
      "timestamp": 0.46
    },
    {
      "step": 24,
      "transformation_matrix": [
        [
          0.9994169473648071,
          -0.032886262983083725,
          -0.00918223150074482,
          0.9513981342315674
        ],
        [
          0.033543869853019714,
          0.995880663394928,
          0.08424054831266403,
          1.0529125928878784
        ],
        [
          0.006374052260071039,
          -0.08449941873550415,
          0.9964028596878052,
          -0.027133794501423836
        ],
        [
          0.0,
          0.0,
          0.0,
          1.0
        ]
      ],
      "timestamp": 0.48
    },
    {
      "step": 25,
      "transformation_matrix": [
        [
          0.999367356300354,
          -0.03423815220594406,
          -0.009624541737139225,
          0.9493405818939209
        ],
        [
          0.03495163843035698,
          0.9955304861068726,
          0.087734155356884,
          1.0550310611724854
        ],
        [
          0.006577672902494669,
          -0.08801502734422684,
          0.9960970878601074,
          -0.02836867794394493
        ],
        [
          0.0,
          0.0,
          0.0,
          1.0
        ]
      ],
      "timestamp": 0.5
    },
    {
      "step": 26,
      "transformation_matrix": [
        [
          0.9993157982826233,
          -0.035588398575782776,
          -0.010071578435599804,
          0.9472805261611938
        ],
        [
          0.036360036581754684,
          0.9951661825180054,
          0.0912260040640831,
          1.0571423768997192
        ],
        [
          0.006776310503482819,
          -0.09152977913618088,
          0.9957789182662964,
          -0.029611697420477867
        ],
        [
          0.0,
          0.0,
          0.0,
          1.0
        ]
      ],
      "timestamp": 0.52
    },
    {
      "step": 27,
      "transformation_matrix": [
        [
          0.9992622137069702,
          -0.036936987191438675,
          -0.010523336008191109,
          0.945218026638031
        ],
        [
          0.03776904568076134,
          0.9947876334190369,
          0.09471604973077774,
          1.0592464208602905
        ],
        [
          0.006969962734729052,
          -0.0950436219573021,
          0.9954482913017273,
          -0.030862828716635704
        ],
        [
          0.0,
          0.0,
          0.0,
          1.0
        ]
      ],
      "timestamp": 0.54
    },
    {
      "step": 28,
      "transformation_matrix": [
        [
          0.9992066025733948,
          -0.03828388825058937,
          -0.010979809798300266,
          0.9431530237197876
        ],
        [
          0.03917863965034485,
          0.994394838809967,
          0.09820424020290375,
          1.0613431930541992
        ],
        [
          0.007158629596233368,
          -0.0985565036535263,
          0.9951052665710449,
          -0.03212204948067665
        ],
        [
          0.0,
          0.0,
          0.0,
          1.0
        ]
      ],
      "timestamp": 0.56
    },
    {
      "step": 29,
      "transformation_matrix": [
        [
          0.9991490244865417,
          -0.03962907940149307,
          -0.011440994217991829,
          0.9410855770111084
        ],
        [
          0.04058879613876343,
          0.9939877986907959,
          0.10169053822755814,
          1.0634326934814453
        ],
        [
          0.007342308759689331,
          -0.10206837207078934,
          0.9947498440742493,
          -0.03338933363556862
        ],
        [
          0.0,
          0.0,
          0.0,
          1.0
        ]
      ],
      "timestamp": 0.58
    },
    {
      "step": 30,
      "transformation_matrix": [
        [
          0.9990893602371216,
          -0.04097253829240799,
          -0.011906880885362625,
          0.9390156865119934
        ],
        [
          0.041999489068984985,
          0.9935665726661682,
          0.10517489165067673,
          1.0655149221420288
        ],
        [
          0.007520998362451792,
          -0.1055791974067688,
          0.9943820238113403,
          -0.03466465324163437
        ],
        [
          0.0,
          0.0,
          0.0,
          1.0
        ]
      ],
      "timestamp": 0.6
    },
    {
      "step": 31,
      "transformation_matrix": [
        [
          0.9990277290344238,
          -0.04231424257159233,
          -0.012377464212477207,
          0.9369433522224426
        ],
        [
          0.04341069608926773,
          0.9931311011314392,
          0.10865725576877594,
          1.0675897598266602
        ],
        [
          0.007694697007536888,
          -0.10908892005681992,
          0.9940018057823181,
          -0.03594798594713211
        ],
        [
          0.0,
          0.0,
          0.0,
          1.0
        ]
      ],
      "timestamp": 0.62
    },
    {
      "step": 32,
      "transformation_matrix": [
        [
          0.9989640712738037,
          -0.043654173612594604,
          -0.012852737680077553,
          0.9348686337471008
        ],
        [
          0.044822387397289276,
          0.9926814436912537,
          0.112137570977211,
          1.0696572065353394
        ],
        [
          0.007863402366638184,
          -0.11259748786687851,
          0.9936091899871826,
          -0.037239305675029755
        ],
        [
          0.0,
          0.0,
          0.0,
          1.0
        ]
      ],
      "timestamp": 0.64
    },
    {
      "step": 33,
      "transformation_matrix": [
        [
          0.998898446559906,
          -0.04499230906367302,
          -0.01333269290626049,
          0.9327914714813232
        ],
        [
          0.046234555542469025,
          0.9922175407409668,
          0.11561579257249832,
          1.0717172622680664
        ],
        [
          0.008027111180126667,
          -0.116104856133461,
          0.9932041764259338,
          -0.03853858634829521
        ],
        [
          0.0,
          0.0,
          0.0,
          1.0
        ]
      ],
      "timestamp": 0.66
    },
    {
      "step": 34,
      "transformation_matrix": [
        [
          0.9988307952880859,
          -0.04632863402366638,
          -0.013817324303090572,
          0.9307119250297546
        ],
        [
          0.04764717072248459,
          0.9917395114898682,
          0.11909186840057373,
          1.0737699270248413
        ],
        [
          0.008185823448002338,
          -0.1196109727025032,
          0.9927867650985718,
          -0.03984580934047699
        ],
        [
          0.0,
          0.0,
          0.0,
          1.0
        ]
      ],
      "timestamp": 0.68
    },
    {
      "step": 35,
      "transformation_matrix": [
        [
          0.9987611174583435,
          -0.047663118690252304,
          -0.014306626282632351,
          0.928629994392395
        ],
        [
          0.04906021058559418,
          0.9912472367286682,
          0.12256575375795364,
          1.0758150815963745
        ],
        [
          0.008339538238942623,
          -0.12311578541994095,
          0.9923569560050964,
          -0.0411609448492527
        ],
        [
          0.0,
          0.0,
          0.0,
          1.0
        ]
      ],
      "timestamp": 0.7000000000000001
    },
    {
      "step": 36,
      "transformation_matrix": [
        [
          0.9986894726753235,
          -0.048995744436979294,
          -0.01480059139430523,
          0.9265456795692444
        ],
        [
          0.0504736565053463,
          0.9907407760620117,
          0.1260373890399933,
          1.077852725982666
        ],
        [
          0.008488253690302372,
          -0.12661924958229065,
          0.9919147491455078,
          -0.042483970522880554
        ],
        [
          0.0,
          0.0,
          0.0,
          1.0
        ]
      ],
      "timestamp": 0.72
    },
    {
      "step": 37,
      "transformation_matrix": [
        [
          0.9986158013343811,
          -0.05032649636268616,
          -0.015299213118851185,
          0.9244590401649475
        ],
        [
          0.05188748612999916,
          0.9902201294898987,
          0.12950673699378967,
          1.0798828601837158
        ],
        [
          0.00863196887075901,
          -0.13012130558490753,
          0.9914602041244507,
          -0.04381486028432846
        ],
        [
          0.0,
          0.0,
          0.0,
          1.0
        ]
      ],
      "timestamp": 0.74
    },
    {
      "step": 38,
      "transformation_matrix": [
        [
          0.9985401034355164,
          -0.051655352115631104,
          -0.01580248400568962,
          0.9223700165748596
        ],
        [
          0.05330168083310127,
          0.9896853566169739,
          0.13297374546527863,
          1.081905484199524
        ],
        [
          0.008770680986344814,
          -0.1336219161748886,
          0.9909932613372803,
          -0.04515358805656433
        ],
        [
          0.0,
          0.0,
          0.0,
          1.0
        ]
      ],
      "timestamp": 0.76
    },
    {
      "step": 39,
      "transformation_matrix": [
        [
          0.998462438583374,
          -0.05298229679465294,
          -0.016310395672917366,
          0.9202786684036255
        ],
        [
          0.05471622198820114,
          0.9891363978385925,
          0.13643835484981537,
          1.0839204788208008
        ],
        [
          0.00890438724309206,
          -0.1371210217475891,
          0.9905139803886414,
          -0.046500127762556076
        ],
        [
          0.0,
          0.0,
          0.0,
          1.0
        ]
      ],
      "timestamp": 0.78
    },
    {
      "step": 40,
      "transformation_matrix": [
        [
          0.9983827471733093,
          -0.05430730804800987,
          -0.016822941601276398,
          0.9181849956512451
        ],
        [
          0.05613108351826668,
          0.9885733127593994,
          0.13990053534507751,
          1.0859278440475464
        ],
        [
          0.009033088572323322,
          -0.14061857759952545,
          0.9900223016738892,
          -0.047854453325271606
        ],
        [
          0.0,
          0.0,
          0.0,
          1.0
        ]
      ],
      "timestamp": 0.8
    },
    {
      "step": 41,
      "transformation_matrix": [
        [
          0.9983010292053223,
          -0.05563036724925041,
          -0.01734011434018612,
          0.9160889983177185
        ],
        [
          0.05754625052213669,
          0.9879961013793945,
          0.1433602124452591,
          1.0879275798797607
        ],
        [
          0.009156783111393452,
          -0.14411453902721405,
          0.9895182847976685,
          -0.04921653866767883
        ],
        [
          0.0,
          0.0,
          0.0,
          1.0
        ]
      ],
      "timestamp": 0.8200000000000001
    },
    {
      "step": 42,
      "transformation_matrix": [
        [
          0.9982172846794128,
          -0.056951455771923065,
          -0.017861906439065933,
          0.9139907360076904
        ],
        [
          0.05896169692277908,
          0.9874047636985779,
          0.14681735634803772,
          1.0899195671081543
        ],
        [
          0.009275468066334724,
          -0.14760883152484894,
          0.9890019297599792,
          -0.050586357712745667
        ],
        [
          0.0,
          0.0,
          0.0,
          1.0
        ]
      ],
      "timestamp": 0.84
    },
    {
      "step": 43,
      "transformation_matrix": [
        [
          0.9981316328048706,
          -0.05827055498957634,
          -0.018388310447335243,
          0.9118901491165161
        ],
        [
          0.06037740781903267,
          0.9867993593215942,
          0.15027190744876862,
          1.0919039249420166
        ],
        [
          0.009389144368469715,
          -0.15110142529010773,
          0.9884732365608215,
          -0.05196388065814972
        ],
        [
          0.0,
          0.0,
          0.0,
          1.0
        ]
      ],
      "timestamp": 0.86
    },
    {
      "step": 44,
      "transformation_matrix": [
        [
          0.998043954372406,
          -0.059587642550468445,
          -0.018919318914413452,
          0.9097872972488403
        ],
        [
          0.061793360859155655,
          0.9861798286437988,
          0.1537238210439682,
          1.093880534172058
        ],
        [
          0.009497810155153275,
          -0.15459226071834564,
          0.9879322648048401,
          -0.0533490814268589
        ],
        [
          0.0,
          0.0,
          0.0,
          1.0
        ]
      ],
      "timestamp": 0.88
    },
    {
      "step": 45,
      "transformation_matrix": [
        [
          0.997954249382019,
          -0.06090269982814789,
          -0.019454924389719963,
          0.9076821804046631
        ],
        [
          0.06320953369140625,
          0.9855461716651917,
          0.1571730375289917,
          1.0958492755889893
        ],
        [
          0.009601464495062828,
          -0.1580812931060791,
          0.9873789548873901,
          -0.054741933941841125
        ],
        [
          0.0,
          0.0,
          0.0,
          1.0
        ]
      ],
      "timestamp": 0.9
    },
    {
      "step": 46,
      "transformation_matrix": [
        [
          0.9978625774383545,
          -0.06221570819616318,
          -0.01999512128531933,
          0.9055748581886292
        ],
        [
          0.06462589651346207,
          0.9848985075950623,
          0.16061952710151672,
          1.0978102684020996
        ],
        [
          0.009700106456875801,
          -0.16156846284866333,
          0.9868133068084717,
          -0.0561424121260643
        ],
        [
          0.0,
          0.0,
          0.0,
          1.0
        ]
      ],
      "timestamp": 0.92
    },
    {
      "step": 47,
      "transformation_matrix": [
        [
          0.9977688789367676,
          -0.06352665275335312,
          -0.0205399040132761,
          0.9034652709960938
        ],
        [
          0.0660424456000328,
          0.9842367172241211,
          0.1640632301568985,
          1.0997633934020996
        ],
        [
          0.009793737903237343,
          -0.16505372524261475,
          0.9862353801727295,
          -0.05755048990249634
        ],
        [
          0.0,
          0.0,
          0.0,
          1.0
        ]
      ],
      "timestamp": 0.9400000000000001
    },
    {
      "step": 48,
      "transformation_matrix": [
        [
          0.9976732134819031,
          -0.06483550369739532,
          -0.02108926698565483,
          0.9013534784317017
        ],
        [
          0.06745915114879608,
          0.9835608601570129,
          0.16750408709049225,
          1.1017086505889893
        ],
        [
          0.009882363490760326,
          -0.16853705048561096,
          0.9856451749801636,
          -0.05896614491939545
        ],
        [
          0.0,
          0.0,
          0.0,
          1.0
        ]
      ],
      "timestamp": 0.96
    },
    {
      "step": 49,
      "transformation_matrix": [
        [
          0.997575581073761,
          -0.066142238676548,
          -0.021643204614520073,
          0.8992394208908081
        ],
        [
          0.0688759908080101,
          0.9828709363937378,
          0.17094206809997559,
          1.1036460399627686
        ],
        [
          0.009965982288122177,
          -0.172018364071846,
          0.9850427508354187,
          -0.06038934737443924
        ],
        [
          0.0,
          0.0,
          0.0,
          1.0
        ]
      ],
      "timestamp": 0.98
    },
    {
      "step": 50,
      "transformation_matrix": [
        [
          0.9974759221076965,
          -0.06744685024023056,
          -0.02220170944929123,
          0.8971232175827026
        ],
        [
          0.07029294222593307,
          0.9821669459342957,
          0.17437711358070374,
          1.105575442314148
        ],
        [
          0.010044594295322895,
          -0.1754976361989975,
          0.9844280481338501,
          -0.06182007119059563
        ],
        [
          0.0,
          0.0,
          0.0,
          1.0
        ]
      ],
      "timestamp": 1.0
    }
  ],
  "metadata": {
    "algorithm": "Motion_RFM",
    "total_points": 51,
    "success": 